0
108
57
144
111
97
81
163
146
133
53
154
128
102
74
0
33
83
48
51
214
93
41
0
0
84
104
109
113
114
52
121
94
81
21
114
139
143
102
74
158
130
185
172
105
47
95
64
155
60
139
150
236
271
114
86
69
73
150
1
84
34
123
21
0
170
70
70
111
125
149
130
98
59
133
96
95
182
133
38
113
85
131
114
109
82
49
62
91
143
102
216
134
80
52
120
99
24
126
101
48
182
46
166
125
74
91
26
192
124
49
158
146
110
56
54
145
97
49
100
131
88
71
109
124
135
129
97
42
83
149
9
102
121
91
37
182
171
106
80
96
84
151
76
94
70
206
73
132
108
57
136
150
87
100
161
4
228
109
18
104
57
150
116
120
58
150
42
39
133
76
178
72
79
46
131
149
127
113
133
67
47
0
23
143
152
60
40
107
0
40
94
134
124
105
28
92
58
126
72
92
63
110
104
116
50
101
189
126
172
56
79
54
229
95
244
35
116
34
92
174
17
163
72
63
137
89
58
116
113
94
96
112
117
153
147
116
129
108
84
55
132
107
166
65
56
113
126
111
81
99
30
132
114
115
125
143
48
110
156
168
115
130
14
122
199
76
109
75
53
38
156
152
133
49
78
30
29
118
146
106
93
88
74
96
100
49
77
132
76
147
187
157
130
74
179
43
25
139
103
114
185
27
158
120
77
37
101
63
72
170
106
121
40
99
85
100
141
101
85
125
104
113
87
0
127
36
116
155
99
133
100
85
140
107
82
185
117
54
84
44
133
183
114
4
78
20
118
44
151
155
112
129
153
0
43
127
115
61
25
52
116
80
77
83
121
143
143
103
114
142
164
47
117
88
67
45
153
25
91
109
74
106
62
75
39
144
45
71
140
163
140
133
115
82
153
63
155
63
66
105
208
20
30
103
91
34
68
162
64
47
43
174
30
16
22
79
169
87
92
180
149
104
150
125
87
68
0
103
185
87
65
111
67
124
180
92
161
0
178
113
140
110
47
62
85
0
90
30
121
153
24
144
121
125
143
104
124
47
125
130
138
7
156
119
127
32
107
181
22
70
47
205
115
73
171
83
125
61
49
65
103
165
38
165
93
30
139
53
197
138
156
60
95
0
134
40
88
75
222
12
67
56
66
49
115
160
177
57
139
119
120
167
94
171
121
48
117
109
90
179
105
110
105
67
87
81
10
141
57
26
86
111
27
58
49
119
94
113
126
93
124
87
149
112
58
182
158
86
212
55
163
109
93
116
127
18
72
68
88
163
128
130
163
86
87
165
75
86
109
81
131
133
132
132
46
58
70
123
167
83
102
39
166
58
102
120
92
124
33
30
28
4
81
75
126
47
87
25
123
130
58
125
115
120
106
35
106
18
198
95
194
130
104
123
125
84
86
18
144
52
23
75
139
60
77
98
0
92
101
113
135
87
81
150
179
116
239
19
108
155
86
75
71
3
114
86
0
7
94
154
176
88
130
114
144
158
110
112
29
141
95
111
111
109
145
122
80
0
69
80
63
137
84
156
40
130
116
162
55
104
165
139
191
57
165
142
184
152
161
116
55
115
69
66
131
140
52
128
98
30
143
153
42
75
109
97
136
56
130
229
0
119
125
53
27
70
123
150
107
84
139
63
118
63
59
195
71
0
137
49
16
0
81
118
80
89
89
33
106
126
79
120
158
104
109
20
96
68
91
155
98
32
108
128
138
155
152
73
155
119
133
147
136
157
167
168
103
92
38
81
146
91
52
0
120
138
24
33
85
124
143
49
47
17
80
0
201
119
19
168
118
91
0
65
86
120
139
0
147
46
117
106
207
95
61
74
139
80
98
114
37
208
135
48
95
128
251
138
118
115
180
125
72
108
72
106
128
66
106
99
183
122
136
116
93
142
133
214
59
117
167
112
170
101
99
94
161
178
55
67
58
131
178
116
13
118
9
107
106
93
23
233
43
113
18
53
121
78
76
120
89
91
62
123
52
100
101
143
92
0
79
84
43
147
131
162
118
119
102
131
132
186
96
83
39
165
146
94
38
156
136
12
89
176
25
51
60
40
112
41
115
110
125
131
169
122
74
144
84
240
137
59
52
86
54
110
57
188
56
85
74
41
58
16
137
135
159
0
94
91
142
95
99
134
64
107
34
171
162
153
22
99
117
133
135
67
167
141
58
107
18
103
140
127
1
131
107
168
158
142
75
87
98
19
120
0
137
135
61
49
21
122
8
80
126
142
92
205
117
73
97
157
30
36
47
47
170
75
84
145
16
145
65
163
67
69
59
63
151
157
161
151
114
13
53
55
82
94
55
163
116
106
168
103
131
260
194
156
150
47
84
72
52
197
132
129
7
119
144
132
145
42
129
84
119
169
161
8
138
94
0
63
90
50
170
100
65
134
166
60
7
137
63
107
143
152
78
105
220
156
119
63
144
84
83
9
108
87
41
77
164
58
178
42
152
162
93
62
117
108
116
90
0
155
46
69
73
124
108
187
114
140
90
145
132
45
102
0
0
133
79
165
95
137
18
117
1
124
193
100
127
69
146
119
112
68
151
95
133
81
0
97
116
88
85
4
72
112
160
91
174
85
104
0
197
155
92
126
78
113
100
108
12
84
64
177
154
190
114
111
29
88
75
100
30
157
74
139
175
111
61
71
108
157
66
74
130
156
63
56
93
161
109
5
230
22
115
67
52
40
63
99
187
17
30
79
71
102
99
89
172
113
73
97
88
183
106
149
141
142
112
156
76
177
69
179
129
43
138
97
53
3
13
94
155
45
0
60
145
142
139
120
74
139
171
150
65
100
0
28
7
82
128
89
54
73
55
133
45
22
103
82
143
50
164
44
5
55
145
66
109
80
105
121
156
175
180
37
49
107
142
163
27
157
146
86
106
122
94
71
182
205
130
112
70
44
58
113
98
81
63
97
125
181
122
206
64
102
64
164
98
78
105
109
79
80
52
72
61
171
132
143
119
124
69
136
24
129
154
80
15
98
0
149
115
105
113
109
138
118
126
135
156
50
90
140
0
92
14
101
69
26
65
205
101
115
27
83
185
154
79
65
72
18
222
53
26
61
74
140
119
31
68
45
61
108
54
117
38
94
135
79
21
71
125
157
109
156
30
141
270
117
115
112
112
57
202
63
14
65
67
88
141
70
164
85
130
59
19
113
81
82
122
199
62
163
80
184
121
58
71
81
104
72
61
36
38
128
151
122
146
0
99
113
176
72
113
133
157
168
148
113
74
139
48
105
125
87
223
36
89
4
124
68
52
63
56
155
136
17
98
21
188
31
108
189
109
158
88
88
89
120
146
180
71
0
115
17
120
90
185
113
58
89
79
116
144
0
37
87
70
76
147
153
75
58
108
96
229
92
83
90
85
110
158
79
86
183
101
90
114
138
31
48
59
32
76
96
116
78
30
115
47
71
147
92
227
62
38
102
69
0
110
137
38
193
83
165
103
62
74
97
75
89
136
150
86
91
130
131
33
30
134
151
118
82
97
34
89
56
80
168
63
75
49
80
55
70
59
53
79
24
100
190
144
93
168
54
98
96
126
66
176
70
74
146
146
117
141
0
68
72
184
154
102
127
67
171
99
34
147
29
71
85
118
102
91
46
198
28
0
169
89
135
56
36
90
123
103
147
149
70
100
156
48
195
105
62
25
59
58
57
58
186
112
132
73
123
140
171
173
151
68
37
23
165
48
162
82
186
85
78
124
161
85
92
123
69
98
103
142
141
133
98
147
107
71
80
20
167
136
83
71
60
77
18
159
66
88
47
158
114
139
57
94
136
92
117
143
53
77
189
128
57
155
16
133
10
44
31
107
109
104
61
29
74
24
89
45
67
146
101
69
213
169
42
72
127
96
73
80
103
144
102
25
148
107
37
101
181
130
97
94
170
106
83
160
121
42
101
39
71
106
141
83
154
133
95
82
93
111
85
117
107
98
149
55
0
38
13
62
67
89
127
93
44
106
153
143
61
172
76
47
114
0
185
105
86
0
64
160
112
49
0
104
169
120
62
88
191
35
87
101
79
78
116
66
72
104
164
97
78
123
95
110
89
171
41
121
48
66
39
36
125
147
99
94
120
90
118
36
148
83
158
103
189
87
130
117
84
145
152
24
133
82
64
146
139
70
108
53
42
135
89
71
52
106
65
76
62
120
126
122
118
21
78
183
77
75
51
83
70
188
64
68
116
135
110
70
128
79
128
0
126
117
43
129
85
103
155
112
99
7
122
107
81
109
136
0
0
106
133
71
141
149
130
73
105
88
36
86
35
122
51
125
122
132
161
135
109
69
39
69
131
200
98
61
142
114
81
98
248
84
181
61
117
110
47
174
95
118
17
120
133
36
119
58
64
131
227
134
162
106
162
156
115
129
131
49
135
49
88
115
129
148
160
24
87
113
99
94
136
110
79
110
82
134
30
35
238
15
87
38
89
92
69
94
62
68
118
162
158
94
89
63
190
132
80
130
113
115
162
124
64
38
104
128
109
0
101
95
195
161
127
66
37
69
96
114
17
86
40
245
132
13
0
123
186
127
134
46
123
114
121
199
27
166
154
116
161
109
49
164
109
68
53
116
149
122
154
94
206
121
127
22
145
133
197
149
76
41
59
73
181
150
66
61
155
91
59
173
134
86
84
107
117
178
132
132
86
106
203
116
78
91
116
126
99
122
69
37
24
46
94
54
119
153
69
145
116
169
37
67
100
126
127
39
84
98
188
36
94
34
103
77
140
147
132
108
19
56
218
91
118
129
164
150
169
98
97
130
135
85
133
70
82
7
146
135
92
62
31
69
116
136
77
67
98
134
108
80
126
192
88
70
161
112
114
80
142
148
145
90
30
117
205
125
100
55
108
64
154
72
216
146
88
77
87
120
174
165
71
136
103
183
169
118
17
68
72
141
68
72
81
168
145
65
77
63
188
66
175
145
37
110
63
84
56
140
163
75
20
134
129
107
106
83
39
26
137
4
77
75
47
103
78
132
112
110
172
121
128
110
27
73
0
137
240
110
75
97
45
102
56
106
84
101
123
130
127
115
42
186
131
21
63
100
45
197
95
139
114
138
114
150
72
244
153
79
50
38
189
202
111
40
26
78
87
91
131
143
112
158
108
166
59
63
54
92
77
61
149
139
153
87
93
182
17
140
74
102
62
122
72
53
157
97
150
168
111
50
93
124
145
205
191
102
32
18
110
155
112
113
110
71
140
86
159
41
193
21
90
80
82
0
76
60
139
99
23
161
87
109
93
127
109
111
113
57
84
138
166
108
144
142
181
137
57
117
102
150
147
131
125
115
87
158
206
104
67
113
123
118
183
108
70
101
58
158
52
48
129
125
107
116
235
292
112
102
103
16
148
162
106
67
0
175
145
36
44
153
85
136
24
78
0
28
83
0
63
109
133
81
92
40
147
87
77
175
112
108
157
111
64
77
64
116
120
120
135
100
101
53
90
96
208
161
0
27
34
86
76
175
148
109
99
87
170
103
39
154
90
134
231
63
6
96
41
81
79
179
0
179
139
138
138
134
115
15
19
107
126
45
72
131
78
80
101
167
180
172
154
109
178
125
75
218
91
178
113
99
51
130
17
77
100
61
0
50
105
74
152
106
81
0
40
72
106
0
136
29
169
143
59
85
93
138
157
169
105
118
66
114
118
128
184
109
47
80
154
138
132
179
143
38
41
2
179
92
58
118
58
78
135
119
184
49
117
54
90
29
87
135
136
148
125
88
100
118
31
71
55
63
115
8
202
79
204
103
20
109
89
47
87
49
74
61
19
69
112
153
79
110
171
132
3
140
117
30
37
103
113
92
0
122
201
90
28
80
146
38
165
111
128
56
115
14
70
108
115
117
149
106
119
109
187
77
18
120
59
141
151
65
159
99
108
136
0
131
95
72
91
119
33
171
2
61
134
105
77
0
167
127
70
137
18
60
66
106
3
47
105
85
95
151
0
89
49
132
82
85
50
82
99
76
84
107
126
95
84
60
232
49
83
94
60
147
163
127
92
127
72
98
53
96
77
90
0
94
74
78
0
107
151
137
116
106
123
200
97
173
125
120
132
166
107
87
85
141
57
71
28
85
78
92
26
95
100
29
140
46
120
145
90
62
153
136
78
29
23
63
102
89
110
100
170
91
61
108
167
105
113
58
117
94
143
75
109
103
123
191
44
73
10
0
87
46
54
116
0
167
136
156
83
99
109
88
142
52
65
105
79
127
93
136
96
20
102
173
94
118
61
68
138
239
89
62
56
151
96
120
0
78
52
220
252
103
152
28
106
155
125
89
112
128
124
72
156
116
92
120
157
106
44
52
80
117
168
81
93
119
0
59
106
166
144
63
140
117
68
62
66
104
134
147
12
138
192
46
0
155
122
84
88
138
35
174
82
151
146
139
59
119
140
118
132
100
87
131
100
132
73
113
160
96
142
180
90
157
109
127
186
137
101
103
13
116
91
145
70
111
110
94
176
130
87
84
118
63
138
57
79
106
40
0
80
67
81
95
165
139
93
87
130
115
84
15
50
57
42
44
90
22
137
144
100
105
40
147
57
102
188
149
156
104
103
67
92
132
26
114
17
15
54
122
60
187
152
91
106
81
144
59
21
138
51
156
50
103
158
97
67
21
39
88
38
184
287
56
151
23
142
46
148
236
14
0
61
116
125
124
90
133
140
88
79
101
121
45
113
166
67
144
109
146
107
54
93
154
120
125
57
120
102
81
117
134
178
167
94
132
142
84
83
143
0
43
77
76
77
123
163
125
100
83
145
26
137
208
126
25
70
123
221
60
83
21
65
58
93
178
104
126
62
109
89
134
26
142
201
107
84
29
106
121
100
126
107
79
87
50
29
55
73
30
121
129
119
115
150
0
137
121
214
53
54
158
193
109
66
157
56
149
56
95
92
85
145
88
69
94
60
110
59
113
142
160
105
92
146
168
7
121
144
124
65
44
9
93
154
21
95
150
130
27
75
95
156
58
120
35
79
100
54
119
38
97
106
33
153
171
99
82
146
84
36
119
117
144
76
180
77
134
71
63
72
93
89
70
106
65
159
92
16
158
86
76
62
136
177
131
133
224
92
165
115
52
148
62
88
131
128
110
211
0
180
110
95
91
82
113
113
90
0
37
113
65
39
13
85
57
8
159
68
136
108
0
64
150
152
37
127
128
19
32
164
172
79
98
133
137
45
126
104
91
64
145
35
105
135
148
151
70
106
117
82
115
195
130
164
204
122
2
111
146
79
131
101
90
0
107
106
100
168
78
70
131
84
77
106
218
164
61
67
74
154
42
161
63
160
106
65
181
93
134
0
91
128
76
122
54
50
93
56
171
249
144
50
110
173
88
153
38
69
68
122
79
241
101
116
107
126
109
73
160
239
27
153
57
98
50
119
120
118
144
159
118
155
191
172
0
13
155
153
124
134
108
108
67
118
202
65
147
189
87
100
129
143
146
159
6
41
44
37
37
197
85
133
103
46
53
129
154
102
106
69
138
85
65
141
123
46
136
75
107
85
48
126
48
231
151
137
49
64
116
41
106
77
160
146
131
114
78
32
126
143
77
129
133
83
189
119
2
99
41
76
105
146
100
51
122
82
12
40
23
114
107
53
140
103
35
14
126
60
155
217
168
10
36
136
61
20
167
144
100
80
78
119
152
73
119
105
107
79
77
87
102
53
85
49
90
16
145
67
46
11
132
140
121
197
144
148
39
184
142
83
27
0
127
114
154
199
76
162
151
4
118
7
110
0
33
81
145
12
159
59
23
80
94
68
161
16
90
71
115
131
162
146
102
96
114
88
57
58
137
127
84
56
197
75
111
84
57
96
43
73
49
107
132
105
4
109
75
79
172
84
60
61
189
24
82
77
89
45
140
93
140
152
135
64
80
93
48
121
133
113
71
68
103
155
131
56
0
75
92
112
82
70
120
85
78
89
177
156
103
147
148
83
127
115
85
64
140
107
52
91
77
70
235
19
173
113
160
0
101
95
106
59
137
16
203
82
148
110
81
8
86
87
145
134
83
125
91
167
85
122
146
85
12
88
136
91
76
47
77
161
42
90
128
62
69
122
101
94
153
124
98
89
99
122
100
107
50
53
153
118
65
128
109
87
104
75
156
144
124
137
95
151
0
219
137
83
185
5
151
33
73
68
0
66
77
85
178
165
230
109
87
96
99
103
49
101
196
130
82
70
19
122
192
30
151
85
82
220
244
168
157
162
113
64
83
95
90
54
94
18
77
140
109
31
75
150
112
159
26
139
31
106
96
177
146
176
151
58
159
42
110
0
133
114
132
182
141
112
82
113
119
91
42
48
123
150
162
76
58
155
21
6
120
8
0
109
70
167
135
96
104
92
167
177
169
52
59
49
74
156
132
39
91
113
164
84
142
132
97
100
107
181
127
89
97
136
145
97
152
122
152
115
70
70
65
56
38
117
13
255
122
51
54
22
180
78
126
111
142
93
76
155
103
139
75
73
131
93
0
97
83
0
174
96
158
115
152
56
78
63
143
14
99
0
81
129
121
99
30
78
77
70
128
136
67
54
125
92
86
91
137
70
167
178
79
70
155
42
19
66
154
81
112
67
37
110
179
67
76
46
51
105
140
60
210
98
53
35
62
226
55
132
75
101
154
107
176
122
106
30
54
113
71
104
6
230
120
131
123
134
169
97
109
109
88
157
100
57
231
120
141
107
120
15
156
126
156
47
43
127
11
95
114
85
93
97
70
19
20
185
76
56
135
156
96
52
52
107
117
208
128
44
147
34
35
121
129
73
158
49
151
151
58
156
134
116
96
7
0
114
0
88
118
95
90
148
107
100
149
58
145
152
112
187
69
237
114
111
50
117
36
53
106
181
126
111
3
70
138
60
97
66
207
163
96
82
136
11
23
44
191
89
99
124
56
130
115
23
22
93
103
188
10
188
64
71
201
105
167
55
24
55
88
197
67
161
119
113
172
76
133
7
160
92
47
74
80
52
159
98
35
105
53
93
96
90
90
104
67
75
163
40
74
69
29
55
153
102
22
139
78
121
161
110
127
57
72
87
53
57
114
157
50
147
101
46
94
115
53
137
104
44
102
130
134
178
76
125
115
106
115
90
123
59
77
109
77
67
95
113
25
155
160
64
94
165
188
0
80
138
26
98
112
168
78
112
183
150
96
127
45
90
68
180
181
67
88
55
89
148
66
93
127
85
76
248
206
11
203
185
134
69
63
110
0
58
171
57
128
135
87
153
143
63
190
123
89
68
0
0
91
146
65
79
21
43
13
200
102
48
22
131
112
117
75
81
43
59
170
166
48
118
103
50
139
130
131
153
115
150
105
32
115
134
35
116
82
115
132
88
115
145
129
9
19
107
98
101
27
142
202
0
117
112
139
22
5
76
114
115
85
135
193
141
205
145
96
107
43
104
114
171
116
70
101
95
112
160
96
50
134
99
139
131
148
158
118
86
69
17
119
0
146
177
135
187
79
156
25
69
54
129
86
109
120
88
0
100
193
115
101
148
154
96
15
48
124
166
36
88
0
119
188
244
77
95
172
143
67
89
115
146
111
52
81
141
115
135
152
109
59
171
84
93
155
107
102
69
91
66
126
133
105
99
122
91
108
107
0
185
35
114
161
53
130
4
72
95
55
104
121
214
116
38
83
78
1
67
194
0
108
118
99
97
180
113
179
25
99
117
24
94
0
71
122
58
64
114
103
145
147
111
43
188
143
118
79
63
83
127
62
59
157
189
29
26
27
122
191
111
79
62
128
131
174
165
140
122
18
83
174
105
140
92
184
115
117
49
118
72
129
129
38
108
92
67
111
85
108
8
191
110
115
13
32
119
106
113
36
69
85
176
162
127
34
67
159
221
67
91
55
22
122
132
101
130
112
130
122
127
147
125
58
101
45
181
151
93
82
52
100
109
129
29
79
141
107
154
123
0
41
89
87
100
112
164
76
63
213
128
103
129
25
74
182
139
187
188
56
142
116
16
162
27
149
130
128
124
135
132
48
106
174
56
64
190
120
186
96
103
103
131
153
101
68
53
104
124
94
67
150
136
88
78
64
54
139
200
0
124
28
7
43
77
126
0
59
63
141
80
178
184
88
95
174
108
53
70
75
91
66
49
25
145
103
139
102
56
164
26
132
97
120
104
97
244
126
74
77
97
132
49
129
139
36
127
103
143
80
62
118
42
70
49
120
148
113
145
133
76
142
88
188
54
92
125
32
47
99
114
47
70
202
40
150
54
83
94
183
104
35
75
185
138
132
161
170
37
0
99
188
123
85
104
65
73
42
115
163
62
172
121
135
116
144
116
82
58
66
149
20
95
105
94
124
76
39
51
129
76
192
106
65
74
147
54
126
134
62
27
153
115
41
79
139
169
73
133
83
149
22
48
61
128
106
68
75
109
51
176
93
109
86
81
126
38
112
59
199
156
0
98
187
114
98
122
83
183
70
55
220
191
88
149
79
145
143
199
78
70
180
75
0
84
5
179
95
178
90
118
65
84
103
169
62
84
126
150
57
176
86
73
85
84
50
100
154
126
133
100
72
26
138
107
149
117
88
0
127
105
79
122
58
89
117
39
126
0
132
59
97
98
11
40
129
136
99
166
134
128
113
87
133
100
70
37
175
121
144
175
117
107
118
115
33
102
176
94
97
105
152
69
183
115
89
75
62
130
152
193
102
112
86
161
75
0
77
104
141
56
79
124
96
105
168
232
123
119
150
218
121
149
108
123
164
135
99
61
47
139
183
135
55
99
164
149
112
219
33
108
96
79
150
177
97
183
8
93
67
49
104
90
89
131
125
67
42
132
0
149
135
79
144
100
77
204
127
139
71
123
11
39
102
119
194
0
186
51
46
137
121
142
199
39
161
178
77
190
190
142
105
142
84
128
128
111
0
0
50
165
17
66
162
60
19
23
47
160
63
94
121
178
66
134
168
24
76
32
150
178
72
111
82
90
78
46
62
107
168
191
87
14
116
140
122
27
126
172
109
55
120
214
76
27
169
110
157
184
170
127
163
96
99
49
111
120
0
134
58
38
48
114
79
127
136
71
122
21
117
222
66
57
115
155
32
93
31
71
50
38
201
63
90
200
101
182
31
41
142
110
137
34
90
46
124
9
67
114
96
124
105
90
173
155
105
27
67
97
127
62
156
101
141
0
118
27
143
150
103
31
48
110
81
103
181
45
167
152
168
111
170
116
120
140
52
141
156
101
82
138
68
60
155
141
125
71
17
100
83
37
79
97
102
112
118
108
98
113
70
115
111
163
52
127
132
18
74
63
33
205
67
28
138
92
142
68
18
61
91
54
130
88
135
159
88
86
113
104
74
175
147
95
51
50
117
172
28
113
93
36
128
58
13
70
142
102
38
154
67
158
150
50
175
149
138
105
79
115
100
169
63
179
85
49
105
162
0
89
98
61
98
189
71
139
43
92
88
94
0
57
131
62
117
122
110
158
56
81
158
155
158
80
113
151
107
45
122
102
75
98
78
34
33
15
84
66
55
137
59
121
98
105
182
46
90
33
138
91
106
155
114
113
106
114
74
68
130
100
104
81
136
109
98
148
131
63
113
7
53
119
79
201
77
142
86
87
41
183
54
140
61
72
52
59
114
122
131
62
23
235
40
119
175
75
83
91
118
17
111
96
80
112
98
116
30
108
109
126
167
178
193
121
75
99
58
196
94
114
148
50
102
3
96
104
119
94
173
73
148
126
0
142
60
72
150
65
35
23
16
116
68
165
153
52
132
222
85
35
131
126
26
166
143
119
120
22
0
173
118
67
39
9
110
54
110
109
48
158
98
54
88
123
170
151
31
147
58
196
93
123
87
82
94
129
94
111
138
54
89
145
102
104
20
107
0
120
105
91
123
194
49
96
67
69
170
173
91
107
50
68
43
130
123
49
101
66
134
59
186
134
103
81
35
132
7
91
29
56
94
5
61
85
139
41
66
127
109
95
57
126
157
82
60
49
28
145
74
106
137
106
83
106
74
175
93
174
54
96
108
120
192
121
35
84
149
245
20
60
96
167
62
205
84
87
100
139
84
63
90
32
82
71
56
64
201
37
54
105
91
49
75
145
0
143
55
115
108
115
86
166
99
168
158
108
98
57
151
79
120
92
0
131
51
136
120
86
24
109
89
89
98
114
50
82
142
25
156
54
212
47
210
148
139
66
20
203
141
58
39
95
68
117
127
137
112
207
0
100
82
57
148
143
147
117
0
158
145
62
26
106
169
89
115
168
140
153
57
58
123
104
58
123
146
54
128
158
153
113
107
184
179
232
115
85
131
120
136
152
150
60
66
113
177
163
33
0
62
148
67
111
75
191
20
93
68
109
133
48
171
172
113
19
52
47
101
58
67
140
86
123
172
42
85
119
91
132
63
151
32
91
130
164
114
172
117
37
136
99
18
28
107
170
99
237
123
201
135
133
61
139
154
123
88
56
221
84
104
131
166
37
121
19
117
77
77
99
178
171
143
134
89
108
74
60
114
163
87
199
50
160
63
16
57
15
162
146
43
160
55
78
0
79
101
70
105
93
174
89
0
22
48
78
49
169
97
31
84
137
102
139
3
168
126
120
91
166
72
109
83
126
36
118
97
0
96
143
103
65
131
29
157
111
148
83
38
153
57
96
61
104
104
58
61
102
140
78
119
71
138
50
146
131
138
91
67
102
121
104
60
39
140
106
119
98
53
49
120
100
79
183
115
0
59
54
42
141
94
94
183
38
143
93
43
75
98
39
80
39
101
98
133
154
179
103
94
117
137
45
127
85
108
140
31
190
110
149
119
66
93
25
98
60
43
95
96
51
72
137
134
242
124
151
144
125
147
84
92
145
101
170
126
91
79
160
47
0
205
92
65
141
69
153
88
79
136
86
105
91
0
44
106
69
49
198
115
61
153
43
139
132
107
68
112
205
159
142
84
125
1
88
160
133
63
53
170
47
0
108
110
118
75
111
142
170
54
83
167
95
59
94
128
234
80
28
166
140
58
133
83
97
112
77
32
147
88
5
68
53
95
97
81
136
107
55
116
154
70
123
191
150
155
125
96
36
114
93
121
0
35
113
134
128
155
170
160
51
122
30
125
162
205
139
51
47
174
115
53
166
69
130
111
58
110
147
78
95
82
110
90
54
46
162
57
123
72
35
152
73
119
119
100
122
129
73
149
106
89
67
116
137
65
98
39
138
158
101
114
88
157
160
71
72
124
144
86
105
112
164
32
49
139
127
1
137
34
190
131
46
132
35
54
31
109
27
88
59
31
12
120
50
130
162
157
125
154
56
20
84
143
104
63
37
70
161
114
86
147
170
133
100
92
147
30
84
171
138
157
106
72
85
146
151
137
74
81
55
112
105
181
51
60
82
93
160
38
98
119
113
166
91
73
113
146
136
113
29
61
15
93
67
84
47
103
102
46
188
88
175
111
0
153
143
86
165
90
122
19
90
108
87
113
174
79
148
195
163
12
105
124
95
110
56
0
113
57
39
65
161
66
104
74
87
112
34
58
147
87
0
120
77
141
125
96
0
83
219
136
153
131
0
145
140
70
116
114
125
74
98
138
65
118
212
0
55
0
131
139
191
43
162
68
91
148
69
81
89
85
70
151
179
12
120
86
173
16
63
90
206
79
86
128
81
154
125
136
99
274
78
108
75
164
125
191
120
56
153
81
12
180
72
120
37
82
104
98
180
188
36
92
130
148
99
76
126
130
94
84
36
94
88
64
227
105
56
122
109
88
22
157
180
44
15
88
184
41
112
91
23
113
128
92
144
81
83
41
166
109
100
94
93
77
84
141
77
87
110
19
88
21
88
112
80
106
189
31
134
139
132
151
120
32
194
245
142
97
98
179
138
71
92
84
114
110
109
99
135
82
95
108
10
134
78
98
113
80
155
97
89
147
132
119
68
24
52
95
162
150
64
161
66
69
73
75
81
64
63
159
163
149
150
93
240
44
52
137
67
55
204
46
103
139
70
0
109
129
0
183
187
33
165
79
91
95
102
61
29
76
98
140
102
139
42
128
98
155
49
208
195
71
183
89
76
57
184
91
90
135
116
85
103
168
124
183
110
78
175
146
150
164
86
77
105
122
43
52
81
118
93
173
112
83
145
88
122
120
69
116
146
91
102
93
135
0
124
123
41
159
142
116
82
28
165
157
13
100
29
86
36
59
33
124
43
127
5
11
45
137
116
117
172
101
115
114
100
51
166
133
115
119
135
176
0
203
157
39
69
148
113
134
163
76
21
115
128
35
93
201
170
57
79
138
20
73
68
44
64
42
69
120
142
124
157
145
147
138
26
219
113
130
131
85
107
136
59
86
120
157
76
126
157
112
116
118
123
116
54
13
41
127
111
57
107
113
114
41
98
119
52
133
113
139
169
60
106
84
76
167
90
162
77
92
101
124
114
36
89
158
103
50
182
134
112
93
172
101
151
99
78
147
132
160
192
46
274
182
0
0
24
88
116
106
104
63
0
59
78
75
21
180
151
29
56
45
170
132
37
28
151
79
82
108
71
60
108
95
64
30
133
107
11
81
20
135
92
157
53
171
129
128
106
68
36
54
181
136
36
130
93
98
74
155
64
49
52
143
87
180
72
158
52
175
130
104
117
210
166
191
102
118
116
0
193
139
119
115
0
108
111
75
96
95
74
19
68
165
128
0
121
77
61
85
86
32
104
0
93
60
66
157
49
57
141
63
111
0
69
79
138
101
131
124
147
66
80
120
88
51
37
98
122
150
100
92
53
0
136
34
133
181
48
134
162
94
158
116
142
190
42
23
81
111
140
77
81
118
77
62
72
77
95
46
170
74
0
119
173
125
116
90
172
66
130
103
55
73
94
137
54
58
143
72
98
148
170
236
0
176
108
29
58
139
142
53
16
3
16
88
129
58
64
159
106
125
98
170
44
122
195
101
93
144
74
75
107
75
58
131
186
219
136
77
24
212
12
30
153
154
72
161
69
113
115
120
77
86
81
90
100
102
146
189
96
88
0
56
115
36
114
152
96
54
19
150
97
89
0
115
73
57
149
20
190
0
127
59
41
208
118
75
127
149
71
105
72
46
128
136
86
79
0
185
229
88
187
74
125
109
93
149
98
177
58
118
150
106
79
70
189
119
31
118
149
119
104
169
35
125
118
123
64
51
64
173
46
40
89
49
113
210
202
23
124
105
71
52
112
87
66
159
11
29
147
68
115
0
124
28
64
71
87
78
52
137
179
173
122
69
136
116
139
64
52
164
77
205
88
173
109
134
32
78
124
102
87
139
91
201
129
67
59
118
256
167
157
84
133
88
99
84
133
131
92
167
96
66
203
137
71
0
138
152
89
58
86
131
136
114
79
126
106
223
122
17
158
87
124
61
48
31
123
95
102
69
94
118
63
69
86
178
21
70
157
182
124
84
143
1
70
172
1
74
229
35
93
76
155
105
111
111
109
193
96
35
117
141
80
35
129
89
94
27
67
83
55
80
70
205
133
60
124
125
153
192
137
121
99
137
58
157
64
139
78
81
64
84
25
123
74
191
41
91
59
68
146
127
124
83
93
95
52
122
51
121
151
166
99
23
180
73
103
128
174
48
119
141
104
169
55
16
54
195
99
76
156
48
37
101
242
83
86
103
57
70
73
81
121
81
127
182
32
70
161
49
116
23
122
50
16
160
136
146
95
156
150
84
140
162
152
134
90
130
56
51
36
95
20
28
117
111
151
69
81
118
134
29
179
170
91
109
117
191
208
127
75
93
13
56
99
57
64
59
160
159
148
118
76
55
147
170
133
163
66
62
80
156
201
47
49
51
157
93
75
85
93
52
103
102
163
114
119
71
144
91
0
69
62
103
91
170
88
135
117
116
52
78
145
178
149
140
54
67
151
97
64
159
45
97
111
175
39
138
34
166
107
133
1
84
50
117
55
125
238
65
111
46
136
82
122
85
0
65
114
125
40
118
131
133
95
123
114
109
73
41
144
83
153
69
154
128
82
36
98
15
58
142
108
147
35
84
197
67
108
100
124
0
80
57
72
141
63
111
85
81
186
78
179
98
98
163
31
146
92
76
85
22
3
119
53
41
45
129
181
47
255
80
74
133
34
123
103
83
120
144
78
60
103
88
140
114
118
73
170
72
171
184
34
81
163
139
123
96
135
0
192
51
60
81
0
102
152
165
65
80
82
132
107
41
78
112
143
116
170
174
65
127
64
204
216
19
117
200
221
84
132
53
109
193
99
155
0
177
223
201
85
44
84
104
142
33
113
94
113
182
77
9
112
130
129
118
112
150
96
141
126
81
137
85
92
131
108
0
58
120
144
72
20
121
44
47
96
49
98
143
181
103
69
116
53
0
114
93
111
172
14
109
6
186
94
35
91
54
103
124
28
82
101
98
102
90
96
74
115
84
0
136
136
148
109
101
146
67
24
60
144
10
86
91
157
136
70
29
104
105
166
113
144
137
52
103
56
86
117
103
198
155
51
128
45
159
93
68
17
57
44
0
67
92
196
69
137
87
119
81
170
112
116
62
67
116
146
116
117
40
71
32
166
132
139
77
74
60
104
66
0
113
138
63
28
177
117
137
174
100
160
63
162
120
0
142
161
128
82
74
111
120
95
30
93
52
117
107
118
162
153
114
105
67
155
100
109
153
118
87
59
133
59
75
175
106
147
83
155
149
116
78
176
113
119
81
70
80
86
118
129
104
156
70
36
222
52
134
61
21
121
88
39
150
131
95
121
119
56
132
203
149
78
141
129
34
128
104
131
98
117
31
64
67
89
182
147
121
83
57
116
175
138
144
145
104
100
150
155
152
121
102
126
111
38
9
43
138
174
18
147
153
152
125
16
131
132
40
101
51
19
78
108
88
95
91
48
111
93
160
97
112
58
30
45
239
101
124
103
150
207
35
60
131
90
105
53
51
102
17
110
88
128
170
204
174
112
149
112
143
89
75
113
148
52
111
22
227
190
122
90
0
190
120
55
92
120
209
141
70
142
141
48
79
133
0
184
99
97
90
72
1
49
42
98
24
78
194
165
106
149
51
96
104
83
98
130
77
134
122
64
77
28
56
195
179
95
197
131
114
145
76
0
37
76
112
105
75
156
188
133
120
85
121
101
56
35
42
94
136
146
101
205
34
60
150
95
65
22
86
128
78
127
96
66
180
97
72
78
44
83
22
78
79
135
166
101
74
95
164
119
53
157
128
123
170
100
47
123
69
122
51
94
63
121
111
30
96
34
20
109
114
144
106
19
122
14
180
113
127
54
170
66
220
149
135
43
118
117
70
82
38
75
98
121
90
113
51
71
118
106
0
48
83
112
100
193
130
60
34
32
139
82
24
150
126
105
89
71
120
127
56
157
154
168
142
61
106
152
98
69
93
40
108
34
106
102
133
139
118
47
184
89
92
106
0
123
141
128
130
66
156
61
116
69
121
76
154
47
138
46
112
40
165
215
88
112
151
140
175
155
108
117
88
53
39
121
56
121
145
228
0
74
131
33
35
63
125
67
124
115
147
114
80
108
25
68
99
222
95
0
95
64
124
84
115
44
138
19
151
81
78
178
165
154
62
117
168
39
46
85
110
208
169
141
81
219
0
174
32
141
45
64
103
109
60
193
7
60
172
95
212
194
177
0
70
101
151
108
48
171
65
67
44
131
146
119
0
94
159
166
128
121
48
154
31
59
86
171
83
97
112
14
88
85
69
104
73
208
118
1
122
76
68
78
58
102
150
104
102
118
140
0
54
88
75
130
166
44
101
120
118
51
81
81
122
44
211
143
90
54
55
105
40
116
99
204
177
44
142
58
146
171
171
174
110
236
184
26
103
228
157
97
46
119
73
82
46
86
139
212
85
45
110
21
169
143
67
97
137
107
22
147
123
75
99
77
74
108
180
104
66
35
146
116
91
97
11
92
184
0
84
50
58
25
95
172
70
101
169
236
89
166
102
202
114
95
132
128
203
86
125
53
53
87
130
63
82
81
133
81
0
96
103
75
52
78
209
162
54
0
153
116
153
94
111
119
172
129
173
103
108
167
39
94
55
102
221
77
26
40
38
73
16
181
0
76
155
94
153
42
87
66
100
83
84
117
63
59
129
21
83
41
70
130
123
61
178
130
21
155
191
140
80
154
101
65
122
219
47
34
74
55
98
149
72
38
101
3
174
95
152
41
85
132
113
111
85
134
158
179
85
125
133
104
58
13
121
147
79
6
48
33
30
15
136
0
128
120
39
85
127
113
201
57
81
105
78
89
132
130
61
136
96
109
85
122
190
64
107
146
160
15
74
92
97
33
82
129
71
129
72
114
36
65
104
64
120
110
102
66
146
62
195
90
151
52
45
123
93
68
0
0
64
106
75
68
77
36
48
100
105
172
92
134
57
86
131
153
130
150
102
77
59
131
168
144
26
18
106
57
239
77
118
144
78
193
46
157
190
69
146
110
24
140
66
4
113
96
109
76
2
56
179
0
0
48
115
99
131
125
91
0
98
18
146
79
47
116
28
129
72
57
148
152
95
133
122
143
96
72
146
104
12
88
127
156
161
137
90
123
95
97
160
28
78
96
129
78
123
136
120
91
127
159
88
151
83
42
179
115
94
34
15
32
72
55
222
107
0
75
96
62
163
126
73
99
94
0
72
56
196
102
126
133
51
132
110
135
94
53
112
45
138
102
110
59
78
40
69
174
40
158
119
120
132
107
78
101
79
102
67
208
33
176
78
114
47
111
45
92
89
12
92
59
50
113
105
140
132
125
71
227
90
223
121
47
125
45
174
108
203
63
45
91
45
194
173
36
120
118
122
87
210
138
105
145
159
142
150
83
45
79
26
166
127
110
215
105
102
95
77
60
168
144
60
161
64
98
52
94
64
104
104
139
175
81
71
41
131
189
49
50
52
80
177
201
72
202
157
76
197
92
0
55
58
75
108
87
106
64
263
19
184
74
158
91
17
116
74
91
14
81
183
0
101
182
98
124
213
171
80
117
161
161
139
84
92
57
18
119
70
166
121
95
90
86
116
142
50
84
104
57
123
118
96
91
154
69
109
119
55
107
63
72
34
105
127
145
134
80
74
201
117
26
121
83
136
118
98
10
41
70
54
17
0
165
133
112
196
79
84
121
138
91
41
131
96
4
47
128
142
1
131
85
159
60
142
119
119
76
176
170
145
170
133
135
0
115
109
79
114
32
75
120
57
99
86
35
166
161
129
89
137
172
106
103
74
129
49
76
70
23
67
162
52
142
225
68
30
121
107
45
110
83
38
130
87
43
60
47
81
109
80
91
85
45
130
126
60
163
31
106
83
186
99
21
44
75
205
118
63
81
20
43
128
173
136
44
160
34
101
74
136
90
60
90
161
49
2
161
192
179
63
121
56
96
97
52
124
134
15
48
198
83
63
38
157
90
108
70
123
108
0
121
47
126
144
62
27
159
215
127
179
193
101
51
103
98
146
118
149
80
141
53
82
145
0
103
184
90
23
130
78
42
64
183
102
109
159
143
65
116
178
93
106
212
42
124
127
71
169
105
118
59
45
72
191
61
35
99
160
85
37
58
173
136
93
110
183
40
96
74
66
36
211
1
64
172
107
0
109
106
179
112
50
81
66
56
165
98
0
138
116
124
145
110
35
158
128
112
104
73
164
0
95
91
0
15
96
114
110
44
102
86
153
55
101
129
110
134
144
181
245
140
51
115
112
162
203
68
161
126
84
231
136
85
142
47
124
134
134
137
64
44
93
75
86
80
148
47
160
0
156
78
46
114
102
82
47
78
68
44
112
70
119
0
184
0
125
52
93
21
116
19
152
72
145
61
24
136
71
83
55
45
138
138
70
195
133
0
90
65
49
34
66
77
103
11
116
120
38
153
105
102
121
0
10
0
113
91
54
143
27
8
138
96
137
146
0
68
172
108
122
43
87
53
12
105
61
122
61
64
107
177
188
79
94
28
123
167
75
122
146
96
91
126
66
101
114
90
135
104
53
174
91
119
69
141
175
66
215
91
97
148
23
110
102
89
117
116
181
126
209
24
150
89
115
148
96
164
114
173
126
97
117
171
101
114
110
139
124
93
38
128
85
121
57
78
137
67
154
173
74
69
57
48
163
187
175
141
110
94
111
37
141
94
99
68
0
232
120
85
148
138
160
153
66
40
15
50
29
22
148
48
96
124
14
156
88
31
126
154
0
43
166
41
140
97
179
109
72
172
83
65
125
105
121
28
116
131
65
93
110
121
68
83
96
45
51
109
109
89
69
59
99
17
95
106
60
62
64
84
0
124
42
89
81
126
144
101
84
60
178
182
56
109
170
108
111
235
129
0
86
65
9
172
222
98
121
83
84
0
117
43
41
128
151
80
127
156
132
57
117
88
148
156
114
173
110
117
89
138
89
78
116
101
89
0
140
158
98
195
82
148
93
50
146
113
0
165
87
77
157
30
142
77
45
140
76
106
24
84
143
49
96
43
146
145
154
80
92
143
87
48
10
76
0
129
115
38
111
82
157
206
124
0
109
45
113
127
108
166
62
99
164
186
119
81
77
89
152
134
138
0
90
35
23
136
122
199
74
46
40
86
82
92
122
135
177
51
101
2
89
41
175
111
40
53
64
87
63
62
165
176
169
89
38
90
156
42
150
207
169
136
120
29
152
173
82
199
47
159
124
107
122
190
38
55
50
180
20
12
93
144
107
102
67
18
105
46
122
0
180
128
145
58
139
167
46
81
76
64
130
173
94
100
181
159
125
127
0
109
95
96
117
87
86
0
97
47
76
122
95
121
92
11
115
146
116
139
140
67
41
0
102
34
128
100
117
188
120
96
175
101
79
73
68
154
0
152
105
21
111
147
0
9
144
132
65
51
147
224
47
153
87
125
113
77
152
109
160
183
0
129
97
83
36
101
108
133
20
85
125
77
0
153
161
124
111
102
153
169
109
67
78
0
144
108
84
130
146
47
120
67
139
112
97
169
125
104
107
66
56
149
92
115
147
85
91
152
76
179
179
173
109
123
69
67
9
147
99
108
32
26
124
177
14
47
1
29
112
52
15
60
41
83
112
138
132
94
134
89
109
104
65
58
25
138
118
134
140
110
165
65
119
111
96
128
163
76
103
176
145
120
113
46
109
3
67
143
1
102
136
174
212
125
141
160
149
98
169
80
146
147
147
79
14
81
75
185
96
196
117
129
163
114
113
58
76
138
136
151
97
91
46
112
57
130
163
75
55
45
81
103
167
98
138
111
78
89
70
125
170
159
76
148
166
28
53
61
46
99
140
60
92
94
80
69
158
155
49
174
180
95
210
91
155
85
105
156
38
67
62
115
93
128
143
145
94
98
67
120
157
175
66
82
134
67
117
95
132
62
92
85
99
114
116
155
103
63
56
62
100
131
140
22
69
15
114
84
121
126
106
119
83
140
81
166
146
168
0
80
103
149
165
94
129
45
158
73
136
123
25
152
50
43
86
2
118
83
104
84
59
188
105
204
102
118
113
117
108
166
76
133
249
118
213
28
24
214
40
149
98
66
144
36
72
43
62
52
153
22
119
148
70
176
100
37
64
211
135
97
92
42
41
47
192
98
88
80
98
105
99
67
116
88
78
99
112
146
69
142
62
91
75
169
113
124
96
39
97
62
159
102
90
153
140
124
68
41
51
103
97
106
188
204
49
98
147
123
78
126
72
160
35
123
51
192
94
125
73
136
62
119
74
234
16
142
98
50
134
57
104
0
22
59
64
36
22
134
137
99
71
122
147
18
154
166
44
95
113
147
110
96
98
98
118
77
80
24
44
0
77
70
31
83
141
30
146
81
84
84
170
167
136
16
59
109
168
47
89
19
85
85
130
74
74
151
142
18
167
50
94
84
167
149
120
77
136
52
250
44
50
89
76
24
115
104
103
85
128
74
99
104
118
11
163
205
136
134
182
162
150
0
176
207
96
65
83
133
112
154
150
99
100
152
70
66
62
68
123
31
129
61
43
153
136
165
19
162
189
45
107
129
139
174
154
70
219
139
117
124
91
188
56
47
104
109
86
167
99
134
78
170
93
115
84
45
121
97
176
25
14
148
81
107
168
120
72
76
99
119
45
76
181
123
122
94
87
83
108
119
151
176
172
140
91
48
108
118
141
122
23
59
53
110
83
110
174
78
17
150
9
170
150
210
83
115
126
93
71
173
178
63
70
51
126
68
63
82
73
141
43
143
131
119
107
11
166
45
28
98
137
66
125
114
0
59
91
143
96
140
88
153
198
109
69
53
120
106
95
125
95
54
53
112
0
89
90
134
107
128
39
28
152
109
110
115
49
116
88
122
177
146
0
120
86
132
153
42
112
103
131
102
63
103
195
53
142
50
3
56
53
192
79
95
97
102
151
135
35
23
38
11
157
105
85
134
56
192
114
108
32
129
129
34
21
131
34
29
128
57
122
128
169
126
110
86
114
93
122
135
174
99
156
48
143
111
146
95
122
117
116
97
98
76
40
113
123
152
119
66
54
101
124
112
59
159
59
18
236
83
67
63
5
7
107
120
14
68
123
0
86
72
103
60
172
51
118
39
37
29
68
9
88
130
90
0
136
115
38
0
51
182
150
128
16
196
109